clear all;
A =[ 232.3400  -53.8460  103.3490   53.3870  -44.8890   12.9860
  -53.8460  118.0944    2.0980  -96.8530 -135.0378   58.6244
  103.3490    2.0980  139.1942   41.4946  -53.8453   93.1730
   53.3870  -96.8530   41.4946  104.5755   64.1967   -0.8310
  -44.8890 -135.0378  -53.8453   64.1967  463.4041 -177.1798
   12.9860   58.6244   93.1730   -0.8310 -177.1798  140.4788];
b=[-6.5 7.8 2.3 -1.4 7.5 4.2]';
[x,flag,relres,iter,resvec,resveccg] = minres(A,b,[],20)